Date	Open	High	Low	Close	Adj Close	Volume
2026-03-30	100.12	100.19	100.08	100.12	98.40	2749805
2026-03-23	100.19	100.23	100.10	100.23	98.37	2041840
2026-03-16	100.12	100.16	100.10	100.16	98.33	2578682
2026-03-09	100.16	100.18	100.07	100.18	98.30	1917040
2026-03-02	100.08	100.17	100.04	100.12	98.26	2091963
2026-02-23	100.14	100.21	100.13	100.18	98.22	2010220
2026-02-16	100.14	100.15	100.12	100.13	98.18	2906194
2026-02-09	100.10	100.11	100.06	100.06	98.14	1999101
2026-02-02	100.13	100.21	100.08	100.10	98.09	2864711
2026-01-26	100.16	100.23	100.14	100.14	98.05	1804854
2026-01-19	100.16	100.25	100.08	100.19	98.01	2335666
2026-01-12	100.13	100.22	100.07	100.09	97.98	1924216
2026-01-05	100.14	100.18	100.07	100.18	97.94	2342501
2025-12-29	100.02	100.05	99.97	99.97	97.89	2298819
2025-12-22	100.06	100.11	100.01	100.10	97.86	2849190
2025-12-15	100.13	100.16	100.09	100.09	97.82	2177574
2025-12-08	100.16	100.21	100.12	100.12	97.78	2426682
2025-12-01	100.02	100.03	99.96	99.98	97.75	2376501
2025-11-24	100.16	100.24	100.08	100.20	97.72	1913664
2025-11-17	100.05	100.08	99.99	100.08	97.69	2256785
2025-11-10	100.05	100.14	99.97	100.03	97.66	2140144
2025-11-03	100.20	100.25	100.16	100.25	97.62	2175239
2025-10-27	100.06	100.15	100.05	100.09	97.59	2829020
2025-10-20	100.00	100.07	99.98	100.01	97.55	2329498
2025-10-13	100.03	100.10	100.01	100.01	97.52	1666987
2025-10-06	100.10	100.11	100.05	100.11	97.48	1695023
2025-09-29	100.18	100.28	100.13	100.13	97.44	1931181
2025-09-22	100.07	100.13	100.04	100.04	97.39	2280671
2025-09-15	100.02	100.07	99.96	100.07	97.35	2326134
2025-09-08	100.14	100.18	100.08	100.11	97.32	1846543
2025-09-01	100.10	100.14	100.04	100.08	97.29	2113000
2025-08-25	100.08	100.13	100.02	100.13	97.25	2960611
2025-08-18	100.17	100.21	100.16	100.21	97.21	2006188
2025-08-11	100.14	100.20	100.12	100.12	97.17	1670106
2025-08-04	100.07	100.08	100.04	100.07	97.12	2394471
2025-07-28	100.07	100.09	100.03	100.03	97.08	2062369
2025-07-21	100.08	100.11	100.04	100.07	97.04	1837223
2025-07-14	100.04	100.10	100.01	100.03	97.01	2420660
2025-07-07	100.07	100.13	100.05	100.10	96.98	2640355
2025-06-30	100.16	100.22	100.08	100.18	96.94	2917558
2025-06-23	100.08	100.12	100.03	100.12	96.90	2664539
2025-06-16	100.15	100.19	100.05	100.17	96.87	1973406
2025-06-09	100.09	100.12	100.08	100.08	96.84	2015594
2025-06-02	100.10	100.13	100.06	100.13	96.80	1669197
2025-05-26	100.04	100.12	100.02	100.08	96.76	2810972
2025-05-19	100.01	100.05	99.94	99.97	96.72	2061127
2025-05-12	100.06	100.14	100.01	100.01	96.69	2810050
2025-05-05	100.05	100.11	99.95	100.06	96.64	1611373
2025-04-28	100.10	100.15	100.05	100.05	96.60	1646290
2025-04-21	100.18	100.21	100.12	100.21	96.57	2068253
2025-04-14	100.12	100.22	100.10	100.17	96.54	1903302
2025-04-07	100.05	100.10	100.00	100.00	96.50	1547636
2025-03-31	100.10	100.12	100.06	100.06	96.46	2050016
2025-03-24	100.06	100.12	100.04	100.04	96.43	2875229
2025-03-17	100.05	100.08	99.98	100.08	96.39	2882039
2025-03-10	100.19	100.23	100.16	100.22	96.35	2241263
2025-03-03	100.11	100.20	100.04	100.14	96.31	1895134
2025-02-24	100.18	100.23	100.12	100.16	96.26	1835158
2025-02-17	100.12	100.22	100.06	100.14	96.23	2928082
2025-02-10	100.19	100.23	100.10	100.23	96.19	2725172
2025-02-03	100.11	100.14	100.07	100.14	96.16	2412553
2025-01-27	100.16	100.16	100.09	100.11	96.12	2796835
2025-01-20	100.16	100.18	100.10	100.15	96.09	2610340
2025-01-13	100.12	100.18	100.05	100.08	96.05	2912878
2025-01-06	100.15	100.16	100.14	100.15	96.02	2146848
2024-12-30	100.20	100.24	100.12	100.24	95.98	2971540
2024-12-23	100.03	100.05	99.96	100.04	95.95	2817311
2024-12-16	100.16	100.23	100.09	100.16	95.91	1782923
2024-12-09	100.03	100.13	99.99	99.99	95.86	1967650
2024-12-02	100.15	100.17	100.09	100.14	95.83	2753406
2024-11-25	100.15	100.23	100.09	100.14	95.79	1818939
2024-11-18	100.08	100.16	100.03	100.04	95.76	2330462
2024-11-11	100.09	100.16	100.00	100.06	95.73	2667771
2024-11-04	100.05	100.09	99.97	100.08	95.70	1501232
2024-10-28	100.16	100.19	100.11	100.17	95.66	2191821
2024-10-21	100.01	100.05	100.00	100.00	95.63	2752455
2024-10-14	100.10	100.17	100.05	100.12	95.60	1887048
2024-10-07	100.11	100.18	100.08	100.12	95.57	1856624
2024-09-30	100.00	100.09	100.00	100.04	95.54	2874023
2024-09-23	100.08	100.16	100.02	100.10	95.50	1512775
2024-09-16	100.10	100.14	100.06	100.14	95.46	2341139
2024-09-09	100.18	100.26	100.13	100.21	95.42	2984687
2024-09-02	100.10	100.15	100.03	100.07	95.38	2733465
2024-08-26	100.02	100.05	99.99	100.05	95.34	2502717
2024-08-19	100.11	100.12	100.06	100.11	95.30	2340208
2024-08-12	100.12	100.14	100.03	100.08	95.26	1867224
2024-08-05	100.15	100.24	100.09	100.11	95.21	1536284
2024-07-29	100.18	100.24	100.14	100.22	95.17	1991475
2024-07-22	100.15	100.21	100.09	100.20	95.13	1802121
2024-07-15	100.18	100.27	100.16	100.16	95.09	2603496
2024-07-08	100.18	100.26	100.12	100.22	95.06	2383186
2024-07-01	100.16	100.25	100.09	100.20	95.02	1614285
2024-06-24	100.13	100.18	100.05	100.18	94.98	2983120
2024-06-17	100.19	100.23	100.09	100.22	94.95	1962387
2024-06-10	100.03	100.09	99.98	100.05	94.91	2763641
2024-06-03	100.09	100.18	99.99	100.12	94.88	1842561
2024-05-27	100.16	100.21	100.12	100.12	94.84	2151688
2024-05-20	100.07	100.11	100.06	100.06	94.80	2202453
2024-05-13	100.11	100.13	100.05	100.08	94.76	1569252
2024-05-06	100.08	100.12	100.03	100.03	94.72	1759384
2024-04-29	100.04	100.07	100.04	100.07	94.69	2983001
2024-04-22	100.04	100.05	99.95	100.05	94.66	2448923
2024-04-15	100.02	100.03	99.97	99.97	94.63	2847740
2024-04-08	100.19	100.29	100.13	100.16	94.59	2936217
2024-04-01	100.12	100.20	100.03	100.12	94.56	2109051
2024-03-25	100.03	100.08	99.96	100.02	94.52	1891669
2024-03-18	100.07	100.12	100.04	100.12	94.48	2479738
2024-03-11	100.10	100.14	100.06	100.14	94.44	2621206
2024-03-04	100.18	100.24	100.08	100.19	94.40	1554607
2024-02-26	100.08	100.09	100.00	100.05	94.37	2014416
2024-02-19	100.05	100.12	99.99	100.05	94.34	2067976
2024-02-12	100.19	100.22	100.14	100.19	94.31	2945550
2024-02-05	100.14	100.18	100.05	100.12	94.28	2042120
2024-01-29	100.02	100.06	99.96	99.98	94.25	2962222
2024-01-22	100.02	100.06	100.02	100.05	94.22	2528215
2024-01-15	100.14	100.23	100.05	100.11	94.18	1771524
2024-01-08	100.06	100.08	100.01	100.06	94.15	2729129
2024-01-01	100.02	100.11	100.00	100.01	94.11	2589857
2023-12-25	100.09	100.14	100.04	100.14	94.07	1753348
2023-12-18	100.07	100.12	100.00	100.11	94.03	1828655
2023-12-11	100.08	100.16	100.02	100.09	94.00	2930598
2023-12-04	100.08	100.16	100.04	100.06	93.97	2302518
2023-11-27	100.16	100.24	100.12	100.16	93.94	2745801
2023-11-20	100.04	100.09	99.96	100.09	93.91	1827216
2023-11-13	100.05	100.14	100.05	100.08	93.87	2535255
2023-11-06	100.02	100.05	99.97	99.98	93.83	2213822
2023-10-30	100.08	100.13	100.03	100.12	93.79	1538833
2023-10-23	100.11	100.15	100.07	100.07	93.75	1582818
2023-10-16	100.03	100.13	99.98	100.02	93.72	2447501
2023-10-09	100.17	100.26	100.11	100.16	93.69	2558240
2023-10-02	100.18	100.21	100.11	100.15	93.65	2772643
2023-09-25	100.09	100.18	100.08	100.12	93.62	1744776
2023-09-18	100.16	100.20	100.07	100.14	93.58	2425035
2023-09-11	100.13	100.18	100.04	100.15	93.54	1524264
2023-09-04	100.15	100.23	100.06	100.20	93.50	1638482
2023-08-28	100.17	100.20	100.14	100.20	93.47	1710970
2023-08-21	100.11	100.19	100.07	100.14	93.43	2374081
2023-08-14	100.04	100.12	100.00	100.04	93.39	2422294
2023-08-07	100.07	100.09	100.02	100.07	93.35	1989349
2023-07-31	100.14	100.21	100.12	100.16	93.31	2913234
2023-07-24	100.15	100.21	100.12	100.13	93.27	2314176
2023-07-17	100.14	100.17	100.07	100.11	93.23	2865843
2023-07-10	100.10	100.17	100.01	100.07	93.20	2572873
2023-07-03	100.13	100.20	100.09	100.14	93.16	1802046
2023-06-26	100.16	100.19	100.12	100.12	93.12	2382268
2023-06-19	100.12	100.15	100.06	100.15	93.08	1888923
2023-06-12	100.10	100.10	100.02	100.07	93.04	2460357
2023-06-05	100.04	100.07	99.99	99.99	93.01	2637502
2023-05-29	100.01	100.03	99.98	100.03	92.98	2883381
2023-05-22	100.02	100.08	99.99	99.99	92.94	2458541
2023-05-15	100.02	100.08	100.00	100.02	92.91	2964521
2023-05-08	100.08	100.14	99.99	100.08	92.88	2896989
2023-05-01	100.01	100.08	99.94	99.98	92.85	2666815
2023-04-24	100.07	100.11	100.06	100.11	92.81	2310220
2023-04-17	100.20	100.30	100.15	100.15	92.77	2113272
2023-04-10	100.07	100.12	99.99	100.04	92.74	2076886
2023-04-03	100.09	100.14	100.00	100.13	92.71	2664909
2023-03-27	100.02	100.10	99.98	100.02	92.67	1706953
2023-03-20	100.16	100.21	100.07	100.15	92.63	2082861
2023-03-13	100.20	100.24	100.12	100.16	92.60	2201677
2023-03-06	100.10	100.14	100.10	100.12	92.57	2691739
2023-02-27	100.13	100.15	100.05	100.09	92.54	2567527
2023-02-20	100.07	100.12	100.02	100.10	92.51	2586820
2023-02-13	100.07	100.13	100.04	100.04	92.48	2227234
2023-02-06	100.19	100.25	100.17	100.20	92.44	2113896
2023-01-30	100.03	100.03	100.00	100.02	92.40	2099355
2023-01-23	100.08	100.12	100.01	100.12	92.36	1747706
2023-01-16	100.19	100.27	100.09	100.17	92.32	1586090
2023-01-09	100.14	100.20	100.11	100.15	92.28	2655048
2023-01-02	100.07	100.16	100.00	100.05	92.24	1581320
2022-12-26	100.12	100.17	100.04	100.17	92.20	2783314
2022-12-19	100.10	100.13	100.04	100.13	92.17	2530956
2022-12-12	100.08	100.13	100.01	100.13	92.13	1944608
2022-12-05	100.18	100.21	100.10	100.15	92.10	2932722
2022-11-28	100.16	100.26	100.14	100.14	92.07	2990030
2022-11-21	100.05	100.07	100.04	100.07	92.03	2683335
2022-11-14	100.16	100.21	100.10	100.17	91.99	2976428
2022-11-07	100.14	100.22	100.06	100.18	91.96	2136212
2022-10-31	100.02	100.09	99.96	100.06	91.93	2376365
2022-10-24	100.19	100.29	100.18	100.18	91.89	2724749
2022-10-17	100.15	100.22	100.06	100.20	91.85	1846595
2022-10-10	100.19	100.23	100.10	100.23	91.81	2727819
2022-10-03	100.15	100.15	100.09	100.15	91.77	2308820
2022-09-26	100.18	100.22	100.09	100.15	91.73	1550449
2022-09-19	100.13	100.21	100.05	100.08	91.70	2236809
2022-09-12	100.03	100.12	99.97	99.98	91.67	2557672
2022-09-05	100.09	100.12	100.07	100.12	91.64	2636032
2022-08-29	100.08	100.13	100.05	100.05	91.61	2936663
2022-08-22	100.16	100.19	100.14	100.14	91.58	2408768
2022-08-15	100.02	100.05	100.00	100.00	91.54	2825070
2022-08-08	100.08	100.14	100.05	100.05	91.50	1838987
2022-08-01	100.08	100.09	100.02	100.09	91.47	2419949
2022-07-25	100.20	100.24	100.11	100.17	91.44	1924771
2022-07-18	100.06	100.12	100.04	100.05	91.41	2474069
2022-07-11	100.16	100.26	100.09	100.18	91.38	2238281
2022-07-04	100.02	100.07	99.95	100.01	91.35	1575272
2022-06-27	100.05	100.10	99.98	100.03	91.31	2112611
2022-06-20	100.18	100.28	100.11	100.14	91.27	2366181
2022-06-13	100.13	100.18	100.06	100.17	91.24	1835824
2022-06-06	100.03	100.09	99.98	99.98	91.20	2942171
2022-05-30	100.04	100.09	99.96	100.02	91.17	1821556
2022-05-23	100.10	100.17	100.08	100.09	91.14	1602006
2022-05-16	100.10	100.16	100.05	100.08	91.10	1593322
2022-05-09	100.10	100.17	100.01	100.05	91.06	2386425
2022-05-02	100.10	100.12	100.04	100.07	91.03	2572479
2022-04-25	100.11	100.17	100.06	100.10	91.00	2537918
2022-04-18	100.20	100.21	100.14	100.20	90.96	1953371
2022-04-11	100.18	100.27	100.12	100.19	90.93	2260287
2022-04-04	100.04	100.05	99.99	100.02	90.89	2216798
2022-03-28	100.16	100.22	100.15	100.16	90.85	1600147
2022-03-21	100.18	100.27	100.18	100.20	90.82	2538259
2022-03-14	100.15	100.19	100.09	100.18	90.79	2539105
2022-03-07	100.14	100.21	100.06	100.10	90.75	2036772
2022-02-28	100.15	100.22	100.12	100.14	90.71	2793777
2022-02-21	100.09	100.11	100.02	100.08	90.67	2284289
2022-02-14	100.17	100.22	100.11	100.14	90.63	2272030
2022-02-07	100.01	100.07	99.93	100.01	90.60	2049972
2022-01-31	100.00	100.03	99.96	99.97	90.57	1601749
2022-01-24	100.07	100.09	100.05	100.09	90.54	2406085
2022-01-17	100.03	100.05	100.00	100.00	90.51	2587271
2022-01-10	100.10	100.13	100.02	100.06	90.48	1789180
2022-01-03	100.10	100.12	100.00	100.10	90.44	1670613
2021-12-27	100.06	100.07	99.99	100.05	90.41	2068925
2021-12-20	100.07	100.12	100.02	100.02	90.37	1917638
2021-12-13	100.05	100.12	99.95	100.09	90.34	1624698
2021-12-06	100.16	100.22	100.09	100.14	90.31	2898648
2021-11-29	100.16	100.22	100.13	100.20	90.28	1790811
2021-11-22	100.12	100.15	100.08	100.08	90.25	2512070
2021-11-15	100.06	100.11	99.96	100.09	90.22	2522532
2021-11-08	100.14	100.18	100.08	100.13	90.19	1797842
2021-11-01	100.12	100.20	100.06	100.09	90.15	1790274
2021-10-25	100.02	100.04	99.94	100.00	90.11	2300362
2021-10-18	100.06	100.09	100.04	100.09	90.08	2119666
2021-10-11	100.04	100.14	99.94	100.03	90.05	2626674
2021-10-04	100.19	100.28	100.09	100.22	90.02	2753575
2021-09-27	100.15	100.18	100.07	100.17	89.99	2599431
2021-09-20	100.02	100.08	100.00	100.06	89.95	2625755
2021-09-13	100.04	100.08	99.95	100.08	89.92	2980937
2021-09-06	100.09	100.14	100.06	100.12	89.89	1634242
2021-08-30	100.06	100.14	99.98	100.05	89.86	1987991
2021-08-23	100.11	100.17	100.06	100.10	89.83	1906758
2021-08-16	100.12	100.21	100.10	100.11	89.80	2303108
2021-08-09	100.13	100.21	100.12	100.14	89.77	1502862
2021-08-02	100.01	100.05	100.00	100.05	89.74	2392767
2021-07-26	100.13	100.14	100.08	100.11	89.70	2999408
2021-07-19	100.19	100.27	100.13	100.18	89.67	1683419
2021-07-12	100.08	100.13	100.05	100.07	89.64	1816736
2021-07-05	100.12	100.17	100.07	100.17	89.61	2579810
2021-06-28	100.07	100.09	100.02	100.09	89.57	1738256
2021-06-21	100.13	100.20	100.09	100.16	89.54	2141799
2021-06-14	100.01	100.04	99.96	100.04	89.51	2025172
2021-06-07	100.02	100.11	99.96	100.03	89.48	2544579
2021-05-31	100.09	100.12	100.05	100.05	89.45	2378465
2021-05-24	100.01	100.07	99.94	100.04	89.41	2971325
2021-05-17	100.02	100.12	100.00	100.00	89.37	2773609
2021-05-10	100.05	100.09	100.00	100.03	89.34	2643942
2021-05-03	100.12	100.20	100.10	100.14	89.30	2579300
2021-04-26	100.05	100.08	100.00	100.01	89.27	2198873
2021-04-19	100.12	100.14	100.08	100.09	89.23	1670058
2021-04-12	100.12	100.13	100.07	100.07	89.20	2350432
2021-04-05	100.01	100.05	99.96	100.05	89.16	2757194
2021-03-29	100.16	100.23	100.08	100.14	89.12	1502688
2021-03-22	100.04	100.09	99.95	100.02	89.08	2669644
2021-03-15	100.05	100.10	99.96	100.05	89.05	1902796
2021-03-08	100.16	100.22	100.14	100.20	89.02	2367934
2021-03-01	100.14	100.16	100.06	100.12	88.99	1679162
2021-02-22	100.13	100.16	100.09	100.16	88.95	2637118
2021-02-15	100.02	100.07	100.01	100.06	88.91	1875647
2021-02-08	100.13	100.18	100.06	100.13	88.88	2815950
2021-02-01	100.09	100.14	100.04	100.09	88.85	2863663
2021-01-25	100.00	100.06	99.91	99.99	88.81	2830789
2021-01-18	100.12	100.21	100.06	100.15	88.77	1663271
2021-01-11	100.08	100.13	100.02	100.03	88.73	2105299
2021-01-04	100.16	100.20	100.12	100.20	88.70	1667331
2020-12-28	100.01	100.08	99.91	99.99	88.66	1999320
2020-12-21	100.13	100.15	100.12	100.13	88.63	1549687
2020-12-14	100.14	100.19	100.12	100.17	88.60	2718610
2020-12-07	100.17	100.23	100.11	100.16	88.56	2133672
2020-11-30	100.14	100.22	100.05	100.16	88.52	1750805
2020-11-23	100.06	100.07	100.03	100.06	88.49	1917381
2020-11-16	100.03	100.11	100.00	100.00	88.46	2391871
2020-11-09	100.10	100.17	100.05	100.05	88.42	2022331
2020-11-02	100.10	100.13	100.07	100.07	88.39	2571407
2020-10-26	100.17	100.22	100.16	100.21	88.35	1518425
2020-10-19	100.05	100.09	100.04	100.08	88.31	2967910
2020-10-12	100.14	100.24	100.09	100.14	88.27	2933031
2020-10-05	100.17	100.23	100.11	100.14	88.23	2530132
2020-09-28	100.07	100.11	100.02	100.11	88.19	2276389
2020-09-21	100.13	100.19	100.06	100.17	88.16	2577650
2020-09-14	100.09	100.11	100.02	100.11	88.13	2292012
2020-09-07	100.17	100.27	100.11	100.17	88.09	1957721
2020-08-31	100.01	100.02	99.97	99.97	88.05	1754341
2020-08-24	100.01	100.08	99.93	99.97	88.01	1509154
2020-08-17	100.18	100.26	100.12	100.22	87.97	1704460
2020-08-10	100.12	100.14	100.05	100.14	87.93	2796697
2020-08-03	100.07	100.16	100.01	100.09	87.90	2302757
2020-07-27	100.19	100.22	100.09	100.22	87.86	1981969
2020-07-20	100.20	100.30	100.17	100.17	87.83	1800793
2020-07-13	100.06	100.10	100.05	100.05	87.80	2616354
2020-07-06	100.01	100.06	99.99	100.06	87.77	1530133
2020-06-29	100.00	100.03	99.98	100.03	87.73	2071094
2020-06-22	100.20	100.30	100.17	100.17	87.70	2178620
2020-06-15	100.20	100.26	100.17	100.19	87.67	2195397
2020-06-08	100.19	100.20	100.17	100.19	87.63	2726591
2020-06-01	100.17	100.22	100.11	100.13	87.60	2049434
2020-05-25	100.01	100.08	99.96	100.05	87.57	2706638
2020-05-18	100.03	100.07	99.98	100.03	87.54	2496504
2020-05-11	100.07	100.11	100.04	100.05	87.50	1998936
2020-05-04	100.15	100.16	100.10	100.15	87.46	2341657
2020-04-27	100.12	100.16	100.12	100.12	87.43	2196393
2020-04-20	100.03	100.08	99.95	100.02	87.40	1550780
2020-04-13	100.05	100.13	99.99	100.05	87.36	2171353
2020-04-06	100.07	100.14	100.06	100.06	87.33	2791782
2020-03-30	100.02	100.05	99.98	99.98	87.30	2163166
2020-03-23	100.05	100.07	100.02	100.07	87.26	2083923
2020-03-16	100.18	100.22	100.14	100.22	87.22	2612726
2020-03-09	100.10	100.13	100.04	100.13	87.19	1841935
2020-03-02	100.09	100.13	100.04	100.12	87.15	2497970
2020-02-24	100.08	100.18	100.02	100.05	87.11	1558748
2020-02-17	100.09	100.13	100.06	100.10	87.08	1660882
2020-02-10	100.00	100.10	99.93	100.01	87.05	2626873
2020-02-03	100.05	100.11	100.00	100.02	87.02	2223031
2020-01-27	100.20	100.29	100.12	100.17	86.99	2372801
2020-01-20	100.13	100.19	100.13	100.15	86.95	2900652
2020-01-13	100.19	100.22	100.15	100.16	86.91	1721833
2020-01-06	100.15	100.16	100.12	100.15	86.88	2343998
2019-12-30	100.16	100.19	100.14	100.19	86.85	2481289
2019-12-23	100.19	100.22	100.14	100.14	86.82	2915093
2019-12-16	100.10	100.18	100.05	100.14	86.78	2883946
2019-12-09	100.03	100.09	100.03	100.03	86.75	2198107
2019-12-02	100.20	100.25	100.11	100.19	86.72	2003429
2019-11-25	100.04	100.06	99.99	100.06	86.69	2329252
2019-11-18	100.18	100.21	100.18	100.19	86.65	2196004
2019-11-11	100.11	100.21	100.10	100.16	86.62	2279358
2019-11-04	100.09	100.16	100.05	100.12	86.59	1775087
2019-10-28	100.15	100.19	100.08	100.14	86.56	2747010
2019-10-21	100.02	100.10	99.94	99.97	86.52	2589327
2019-10-14	100.05	100.08	99.96	100.05	86.49	2106524
2019-10-07	100.05	100.08	100.05	100.06	86.45	2156316
2019-09-30	100.06	100.16	100.02	100.02	86.41	1911378
2019-09-23	100.11	100.19	100.06	100.08	86.37	2665173
2019-09-16	100.00	100.05	99.93	100.05	86.34	2564676
2019-09-09	100.04	100.05	100.00	100.00	86.31	2389730
2019-09-02	100.13	100.20	100.12	100.12	86.28	2858200
2019-08-26	100.14	100.18	100.10	100.10	86.24	2505055
2019-08-19	100.14	100.18	100.09	100.10	86.20	2936419
2019-08-12	100.02	100.06	99.97	100.06	86.16	2496104
2019-08-05	100.09	100.10	100.03	100.04	86.13	2379421
2019-07-29	100.15	100.17	100.15	100.15	86.10	2675750
2019-07-22	100.09	100.17	100.03	100.06	86.06	2474529
2019-07-15	100.08	100.18	100.05	100.09	86.03	2287484
2019-07-08	100.12	100.12	100.05	100.09	86.00	1513793
2019-07-01	100.02	100.08	99.98	99.98	85.97	1555889
2019-06-24	100.19	100.21	100.12	100.15	85.93	2649377
2019-06-17	100.10	100.15	100.05	100.10	85.90	1808223
2019-06-10	100.02	100.06	99.95	100.00	85.87	1933302
2019-06-03	100.03	100.10	99.99	100.04	85.84	2426159
2019-05-27	100.01	100.07	99.91	99.99	85.82	2198091
2019-05-20	100.07	100.11	100.05	100.09	85.78	2929699
2019-05-13	100.11	100.15	100.03	100.11	85.75	1833716
2019-05-06	100.02	100.05	99.94	100.04	85.71	2268931
2019-04-29	100.03	100.10	99.97	100.08	85.68	2444673
2019-04-22	100.13	100.21	100.03	100.15	85.65	2542059
2019-04-15	100.10	100.14	100.02	100.11	85.62	2465008
2019-04-08	100.12	100.15	100.05	100.15	85.59	2408260
2019-04-01	100.17	100.20	100.11	100.19	85.55	2744646
2019-03-25	100.18	100.20	100.11	100.16	85.52	2426453
2019-03-18	100.17	100.22	100.10	100.18	85.49	1780381
2019-03-11	100.17	100.24	100.08	100.18	85.47	1926336
2019-03-04	100.05	100.12	99.98	100.05	85.44	2728462
2019-02-25	100.02	100.06	99.94	100.00	85.41	1515325
2019-02-18	100.01	100.03	99.93	99.98	85.38	2707362
2019-02-11	100.11	100.14	100.02	100.14	85.34	2240252
2019-02-04	100.06	100.10	99.99	100.02	85.31	2037934
2019-01-28	100.04	100.11	99.99	99.99	85.29	1504163
2019-01-21	100.10	100.13	100.01	100.09	85.26	1679780
2019-01-14	100.06	100.10	100.01	100.10	85.24	2273066
2019-01-07	100.10	100.11	100.04	100.05	85.21	1574390
2018-12-31	100.15	100.20	100.09	100.12	85.18	2862828
2018-12-24	100.01	100.09	99.93	99.96	85.15	2375792
2018-12-17	100.15	100.25	100.13	100.18	85.12	2067640
2018-12-10	100.04	100.12	99.97	100.00	85.08	2644246
2018-12-03	100.18	100.22	100.11	100.22	85.04	2581585
2018-11-26	100.11	100.15	100.07	100.07	85.00	2925749
2018-11-19	100.15	100.20	100.09	100.11	84.97	1936051
2018-11-12	100.09	100.11	99.99	100.08	84.94	2560760
2018-11-05	100.07	100.15	100.02	100.02	84.91	1867775
2018-10-29	100.14	100.16	100.08	100.14	84.88	1532205
2018-10-22	100.07	100.11	100.06	100.11	84.85	2172699
2018-10-15	100.06	100.07	99.97	100.06	84.82	2669476
2018-10-08	100.12	100.21	100.02	100.14	84.80	1952493
2018-10-01	100.06	100.10	100.03	100.09	84.77	2567153
2018-09-24	100.19	100.23	100.10	100.15	84.74	1863927
2018-09-17	100.20	100.23	100.12	100.21	84.70	1521918
2018-09-10	100.04	100.08	99.97	100.00	84.67	2930262
2018-09-03	100.16	100.24	100.08	100.14	84.63	1624692
2018-08-27	100.13	100.20	100.09	100.15	84.59	2498234
2018-08-20	100.01	100.09	99.98	100.00	84.55	2718178
2018-08-13	100.00	100.08	99.91	100.01	84.51	2766942
2018-08-06	100.15	100.24	100.14	100.20	84.47	2044687
2018-07-30	100.06	100.13	99.97	100.10	84.43	1743121
2018-07-23	100.12	100.21	100.05	100.10	84.40	2869552
2018-07-16	100.04	100.08	99.99	100.00	84.37	1762998
2018-07-09	100.12	100.19	100.04	100.16	84.33	2297229
2018-07-02	100.14	100.18	100.07	100.11	84.30	2674896
2018-06-25	100.07	100.10	100.02	100.02	84.27	2459873
2018-06-18	100.12	100.22	100.10	100.13	84.23	2259138
2018-06-11	100.12	100.15	100.08	100.09	84.20	1978371
2018-06-04	100.04	100.06	99.97	100.02	84.16	2633340
2018-05-28	100.15	100.19	100.06	100.12	84.12	1510688
2018-05-21	100.11	100.13	100.01	100.10	84.09	1674198
2018-05-14	100.08	100.12	100.02	100.06	84.06	2844768
2018-05-07	100.18	100.25	100.08	100.22	84.03	2748385
2018-04-30	100.05	100.09	100.03	100.03	84.00	2261694
2018-04-23	100.20	100.21	100.13	100.17	83.97	2619916
2018-04-16	100.05	100.11	100.02	100.06	83.95	2216631
2018-04-09	100.08	100.16	100.05	100.12	83.92	2412151
2018-04-02	100.15	100.24	100.11	100.20	83.89	2197859
2018-03-26	100.18	100.21	100.08	100.21	83.85	1896181
2018-03-19	100.18	100.25	100.11	100.22	83.83	1552298
2018-03-12	100.05	100.08	100.00	100.02	83.80	2434395
2018-03-05	100.14	100.15	100.06	100.13	83.76	1589134
2018-02-26	100.17	100.22	100.17	100.22	83.73	2865190
2018-02-19	100.08	100.18	100.03	100.13	83.70	2684581
2018-02-12	100.11	100.17	100.04	100.07	83.67	1556408
2018-02-05	100.17	100.19	100.08	100.13	83.64	2282370
2018-01-29	100.09	100.13	100.03	100.13	83.61	2978557
2018-01-22	100.05	100.14	99.99	100.05	83.58	2639182
2018-01-15	100.09	100.14	100.00	100.06	83.54	2957522
2018-01-08	100.18	100.27	100.13	100.21	83.51	2278163
2018-01-01	100.16	100.22	100.09	100.17	83.47	2929524
2017-12-25	100.11	100.15	100.07	100.07	83.43	1885312
2017-12-18	100.15	100.22	100.13	100.20	83.39	2999493
2017-12-11	100.06	100.11	100.01	100.01	83.35	1703511
2017-12-04	100.02	100.04	99.98	99.98	83.32	2362599
2017-11-27	100.18	100.22	100.12	100.16	83.29	2210132
2017-11-20	100.00	100.09	99.98	100.00	83.26	2889200
2017-11-13	100.01	100.07	99.99	100.00	83.23	2899080
2017-11-06	100.01	100.11	99.98	100.01	83.21	2125662
2017-10-30	100.01	100.11	99.93	99.98	83.17	2876570
2017-10-23	100.13	100.23	100.11	100.17	83.14	2705385
2017-10-16	100.05	100.11	100.01	100.01	83.11	2295007
2017-10-09	100.06	100.09	100.05	100.09	83.08	2414961
2017-10-02	100.20	100.24	100.17	100.23	83.04	2167357
2017-09-25	100.02	100.10	99.95	100.02	83.01	2174098
2017-09-18	100.04	100.09	99.99	99.99	82.99	1748122
2017-09-11	100.03	100.10	100.01	100.02	82.96	2288534
2017-09-04	100.17	100.21	100.10	100.12	82.92	1750162
2017-08-28	100.03	100.12	99.94	100.00	82.89	2303797
2017-08-21	100.10	100.12	100.04	100.07	82.85	2083479
2017-08-14	100.01	100.02	99.95	100.00	82.82	2063883
2017-08-07	100.10	100.18	100.06	100.06	82.78	2234720
2017-07-31	100.20	100.29	100.17	100.17	82.74	2019132
2017-07-24	100.14	100.18	100.12	100.18	82.70	2722140
2017-07-17	100.17	100.22	100.15	100.21	82.67	2823623
2017-07-10	100.10	100.10	100.06	100.06	82.63	1714360
2017-07-03	100.04	100.05	99.95	100.00	82.59	2546244
2017-06-26	100.15	100.19	100.11	100.11	82.57	1667753
2017-06-19	100.16	100.23	100.07	100.14	82.53	2925146
2017-06-12	100.15	100.24	100.11	100.19	82.49	1612758
2017-06-05	100.05	100.10	100.03	100.09	82.45	1603711
2017-05-29	100.17	100.20	100.16	100.20	82.42	2076687
2017-05-22	100.01	100.02	99.99	100.00	82.39	2998345
2017-05-15	100.08	100.15	99.99	100.12	82.36	2297239
2017-05-08	100.02	100.07	99.96	100.07	82.33	2751696
2017-05-01	100.03	100.08	99.96	100.08	82.29	2106832
2017-04-24	100.15	100.16	100.11	100.11	82.25	1565689
2017-04-17	100.02	100.11	99.99	99.99	82.22	1932831
2017-04-10	100.18	100.22	100.16	100.22	82.19	2891940
2017-04-03	100.14	100.17	100.06	100.14	82.16	1601376
2017-03-27	100.03	100.10	100.02	100.03	82.13	2367941
2017-03-20	100.20	100.25	100.15	100.15	82.10	2875136
2017-03-13	100.08	100.12	99.99	100.12	82.07	2916884
2017-03-06	100.07	100.10	100.05	100.05	82.03	2726066
2017-02-27	100.01	100.02	99.99	100.02	82.00	1738572
2017-02-20	100.10	100.20	100.08	100.14	81.97	2646536
2017-02-13	100.06	100.11	100.03	100.09	81.94	1956675
2017-02-06	100.04	100.06	100.03	100.05	81.91	1677548
2017-01-30	100.12	100.13	100.07	100.11	81.87	1595474
2017-01-23	100.17	100.19	100.07	100.17	81.84	2797893
2017-01-16	100.13	100.15	100.08	100.12	81.81	1706891
2017-01-09	100.06	100.10	99.96	100.10	81.77	2976252
2017-01-02	100.09	100.16	100.00	100.07	81.74	2269782
2016-12-26	100.15	100.16	100.06	100.16	81.71	1659449
2016-12-19	100.03	100.09	99.94	100.03	81.69	2190752
2016-12-12	100.04	100.13	99.99	99.99	81.66	2635999
2016-12-05	100.03	100.12	100.00	100.04	81.63	2088188
2016-11-28	100.00	100.07	99.97	99.99	81.60	2346696
2016-11-21	100.10	100.20	100.04	100.14	81.57	2756266
2016-11-14	100.11	100.17	100.03	100.15	81.54	2543944
2016-11-07	100.07	100.15	100.04	100.09	81.51	2957777
2016-10-31	100.19	100.25	100.16	100.16	81.48	1874429
2016-10-24	100.12	100.19	100.03	100.09	81.46	2412605
2016-10-17	100.15	100.24	100.09	100.12	81.44	2776364
2016-10-10	100.20	100.28	100.10	100.21	81.41	2694990
2016-10-03	100.11	100.18	100.09	100.11	81.39	2962725
2016-09-26	100.13	100.17	100.03	100.14	81.36	2371304
2016-09-19	100.16	100.20	100.07	100.15	81.32	2069697
2016-09-12	100.02	100.07	100.00	100.06	81.29	2090690
2016-09-05	100.01	100.08	99.97	100.01	81.26	2683621
2016-08-29	100.06	100.09	99.97	100.08	81.23	2406325
2016-08-22	100.04	100.13	100.02	100.08	81.20	2525166
2016-08-15	100.12	100.15	100.10	100.15	81.17	2040311
2016-08-08	100.11	100.18	100.03	100.14	81.13	2154152
2016-08-01	100.14	100.19	100.07	100.15	81.11	2534052
2016-07-25	100.09	100.15	100.06	100.08	81.08	2762562
2016-07-18	100.10	100.12	100.06	100.11	81.05	2594311
2016-07-11	100.01	100.05	99.97	100.00	81.01	1735290
2016-07-04	100.08	100.15	100.06	100.08	80.97	1658386
2016-06-27	100.19	100.21	100.17	100.18	80.94	2697998
2016-06-20	100.13	100.15	100.05	100.09	80.90	2069397
2016-06-13	100.05	100.08	100.04	100.08	80.87	1723408
2016-06-06	100.16	100.26	100.11	100.21	80.84	2339867
2016-05-30	100.06	100.12	100.06	100.06	80.82	2409160
2016-05-23	100.02	100.08	99.93	99.98	80.79	2980867
2016-05-16	100.07	100.14	99.99	100.03	80.75	2077969
2016-05-09	100.14	100.20	100.12	100.14	80.72	1630949
2016-05-02	100.12	100.21	100.05	100.11	80.70	1997760
2016-04-25	100.19	100.28	100.19	100.21	80.66	2599110
2016-04-18	100.09	100.19	100.06	100.06	80.63	2559389
2016-04-11	100.11	100.19	100.07	100.12	80.59	2062773
2016-04-04	100.10	100.17	100.06	100.07	80.56	1534692
2016-03-28	100.09	100.16	100.02	100.08	80.52	2668016
2016-03-21	100.01	100.05	99.98	100.05	80.49	2811695
2016-03-14	100.04	100.08	100.03	100.04	80.46	2783572
2016-03-07	100.06	100.11	99.99	100.05	80.43	1669619
2016-02-29	100.14	100.17	100.13	100.17	80.40	1716369
2016-02-22	100.18	100.24	100.15	100.19	80.37	2275823
2016-02-15	100.15	100.23	100.11	100.15	80.33	1787382
2016-02-08	100.07	100.14	99.99	100.10	80.30	1804684
2016-02-01	100.15	100.20	100.09	100.17	80.27	2410074
2016-01-25	100.14	100.21	100.06	100.19	80.23	1534713
2016-01-18	100.16	100.26	100.12	100.12	80.20	2980050
2016-01-11	100.17	100.24	100.09	100.17	80.18	2611004
2016-01-04	100.09	100.14	100.02	100.09	80.15	2183214
2015-12-28	100.20	100.28	100.14	100.20	80.13	1528135
2015-12-21	100.20	100.27	100.15	100.23	80.11	2903356
2015-12-14	100.18	100.28	100.13	100.18	80.08	2888987
2015-12-07	100.01	100.07	99.95	100.02	80.05	2793444
2015-11-30	100.16	100.20	100.11	100.20	80.03	1545454
2015-11-23	100.15	100.18	100.15	100.17	80.01	2578436
2015-11-16	100.16	100.20	100.13	100.13	79.98	2021190
2015-11-09	100.19	100.27	100.11	100.19	79.95	2923901
2015-11-02	100.14	100.24	100.12	100.17	79.92	2964327
2015-10-26	100.04	100.09	100.01	100.09	79.88	2113185
2015-10-19	100.01	100.11	99.92	99.97	79.84	2052502
2015-10-12	100.03	100.05	99.98	100.04	79.81	1611863
2015-10-05	100.14	100.18	100.12	100.14	79.77	2821228
2015-09-28	100.06	100.09	100.02	100.07	79.74	2999461
2015-09-21	100.15	100.20	100.12	100.19	79.71	1591583
2015-09-14	100.08	100.08	100.02	100.06	79.68	2670787
2015-09-07	100.06	100.07	99.98	100.03	79.64	2841449
2015-08-31	100.18	100.23	100.15	100.15	79.60	1850540
2015-08-24	100.02	100.03	99.97	99.99	79.57	1814508
2015-08-17	100.14	100.23	100.05	100.10	79.53	1894689
2015-08-10	100.07	100.13	100.06	100.07	79.50	2979495
2015-08-03	100.07	100.10	100.02	100.09	79.46	2213315
2015-07-27	100.19	100.28	100.10	100.17	79.43	2344784
2015-07-20	100.16	100.16	100.13	100.16	79.40	2210501
2015-07-13	100.11	100.17	100.07	100.07	79.37	1753211
2015-07-06	100.11	100.21	100.06	100.07	79.33	2219581
2015-06-29	100.09	100.18	100.07	100.07	79.30	2297290
2015-06-22	100.07	100.11	99.99	100.03	79.26	2050400
2015-06-15	100.17	100.18	100.08	100.18	79.23	1687882
2015-06-08	100.09	100.13	100.08	100.13	79.19	2480668
2015-06-01	100.05	100.06	100.04	100.06	79.16	1702111
2015-05-25	100.05	100.07	99.95	100.07	79.13	2403404
2015-05-18	100.17	100.18	100.10	100.17	79.09	1968406
2015-05-11	100.13	100.21	100.07	100.10	79.06	1912859
2015-05-04	100.03	100.06	99.98	100.05	79.03	2986831
2015-04-27	100.02	100.08	99.93	100.02	79.00	2808485
2015-04-20	100.15	100.22	100.11	100.17	78.96	2996234
2015-04-13	100.03	100.11	100.00	100.04	78.92	2344557
2015-04-06	100.05	100.06	100.02	100.06	78.89	2913149
2015-03-30	100.08	100.17	100.03	100.03	78.86	1753526
2015-03-23	100.10	100.16	100.04	100.11	78.83	2969240
2015-03-16	100.15	100.20	100.05	100.13	78.79	2344987
2015-03-09	100.12	100.14	100.05	100.09	78.76	1725861
2015-03-02	100.01	100.10	99.93	99.97	78.73	2418040
2015-02-23	100.19	100.27	100.17	100.17	78.70	1975961
2015-02-16	100.16	100.17	100.10	100.12	78.68	1701144
2015-02-09	100.12	100.15	100.02	100.11	78.65	1913731
2015-02-02	100.06	100.11	100.02	100.02	78.62	2365412
2015-01-26	100.06	100.10	99.99	100.02	78.59	2109568
2015-01-19	100.08	100.09	100.06	100.08	78.56	1913655
2015-01-12	100.02	100.11	99.99	100.01	78.54	2014534
2015-01-05	100.15	100.19	100.06	100.19	78.51	2673142
2014-12-29	100.12	100.15	100.07	100.15	78.49	1575640
2014-12-22	100.09	100.14	100.04	100.04	78.46	2782218
2014-12-15	100.08	100.11	100.01	100.11	78.44	1698373
2014-12-08	100.17	100.24	100.08	100.13	78.41	2715182
2014-12-01	100.11	100.13	100.02	100.13	78.38	2056209
2014-11-24	100.03	100.05	99.95	99.99	78.35	1913194
2014-11-17	100.01	100.05	99.95	99.98	78.33	1910739
2014-11-10	100.03	100.05	100.00	100.01	78.30	2065684
2014-11-03	100.14	100.20	100.09	100.18	78.27	2110098
2014-10-27	100.02	100.02	99.96	100.02	78.24	2903122
2014-10-20	100.01	100.09	99.94	100.06	78.22	2235233
2014-10-13	100.01	100.04	99.92	100.02	78.19	2572039
2014-10-06	100.02	100.09	99.99	100.05	78.16	2018094
2014-09-29	100.14	100.20	100.09	100.10	78.12	2708322
2014-09-22	100.01	100.03	99.92	100.01	78.10	1726024
2014-09-15	100.16	100.21	100.12	100.16	78.07	2380121
2014-09-08	100.11	100.17	100.08	100.10	78.05	2015203
2014-09-01	100.07	100.13	100.02	100.10	78.02	2461149
2014-08-25	100.15	100.24	100.11	100.17	78.00	2106236
2014-08-18	100.10	100.16	100.05	100.08	77.98	2590564
2014-08-11	100.17	100.21	100.13	100.20	77.95	1759141
2014-08-04	100.05	100.15	100.02	100.09	77.92	2845955
2014-07-28	100.11	100.17	100.08	100.09	77.88	2939058
2014-07-21	100.19	100.29	100.15	100.15	77.86	2088766
2014-07-14	100.12	100.19	100.12	100.15	77.83	1536958
2014-07-07	100.14	100.18	100.13	100.18	77.80	1773278
2014-06-30	100.14	100.17	100.09	100.17	77.77	2723199
2014-06-23	100.01	100.10	99.99	100.00	77.73	1907330
2014-06-16	100.17	100.20	100.08	100.13	77.70	1791053
2014-06-09	100.10	100.15	100.08	100.08	77.67	2020558
2014-06-02	100.06	100.13	100.02	100.08	77.64	1973852
2014-05-26	100.14	100.20	100.12	100.15	77.61	1840358
2014-05-19	100.05	100.11	99.98	100.00	77.57	2799782
2014-05-12	100.03	100.12	99.94	99.99	77.55	1766525
2014-05-05	100.07	100.15	100.03	100.05	77.52	2733584
2014-04-28	100.18	100.22	100.15	100.22	77.48	2613770
2014-04-21	100.15	100.20	100.15	100.20	77.44	1676595
2014-04-14	100.05	100.13	99.98	100.09	77.42	2634627
2014-04-07	100.07	100.17	99.98	100.03	77.40	1591724
2014-03-31	100.12	100.17	100.03	100.13	77.37	1834985
2014-03-24	100.13	100.17	100.10	100.17	77.34	2088861
2014-03-17	100.18	100.22	100.11	100.22	77.31	1781517
2014-03-10	100.12	100.16	100.09	100.12	77.28	2545383
2014-03-03	100.12	100.18	100.08	100.12	77.24	1905359
2014-02-24	100.07	100.11	100.05	100.11	77.22	2247244
2014-02-17	100.11	100.19	100.06	100.08	77.18	2005703
2014-02-10	100.03	100.04	99.99	100.00	77.16	2784794
2014-02-03	100.07	100.14	100.02	100.12	77.12	2494279
2014-01-27	100.15	100.18	100.07	100.16	77.09	2567389
2014-01-20	100.04	100.14	99.99	100.05	77.06	2022770
2014-01-13	100.09	100.11	100.05	100.11	77.03	2916402
2014-01-06	100.02	100.12	99.93	99.99	77.00	1882939
2013-12-30	100.00	100.06	99.91	100.03	76.98	2366602
2013-12-23	100.15	100.19	100.13	100.17	76.95	1964915
2013-12-16	100.04	100.04	99.94	100.00	76.92	2548658
2013-12-09	100.17	100.20	100.11	100.18	76.88	1522432
2013-12-02	100.02	100.04	100.01	100.01	76.85	2256213
2013-11-25	100.06	100.12	100.05	100.07	76.82	2400045
2013-11-18	100.09	100.15	100.06	100.08	76.79	2296315
2013-11-11	100.18	100.23	100.12	100.20	76.76	1571715
2013-11-04	100.13	100.20	100.11	100.14	76.73	2289253
2013-10-28	100.15	100.22	100.14	100.17	76.71	1948083
2013-10-21	100.03	100.08	99.95	100.02	76.68	2406744
2013-10-14	100.10	100.13	100.01	100.09	76.66	1863914
2013-10-07	100.04	100.12	99.97	100.08	76.63	2105804
2013-09-30	100.04	100.06	99.98	100.01	76.59	1806116
2013-09-23	100.11	100.16	100.07	100.07	76.57	2360054
2013-09-16	100.09	100.09	100.03	100.09	76.54	2214038
2013-09-09	100.06	100.15	99.99	100.06	76.52	2113341
2013-09-02	100.07	100.15	100.00	100.11	76.48	2344373
2013-08-26	100.06	100.15	99.96	100.07	76.45	2908008
2013-08-19	100.03	100.13	100.00	100.06	76.42	1514939
2013-08-12	100.08	100.14	100.03	100.04	76.40	1518478
2013-08-05	100.18	100.25	100.16	100.18	76.36	2731186
2013-07-29	100.10	100.11	100.03	100.09	76.33	2925712
2013-07-22	100.08	100.11	100.05	100.09	76.31	2888574
2013-07-15	100.16	100.17	100.13	100.13	76.28	2941852
2013-07-08	100.08	100.16	100.07	100.10	76.25	2143524
2013-07-01	100.05	100.10	99.97	100.10	76.23	1572587
2013-06-24	100.20	100.28	100.16	100.16	76.19	1868487
2013-06-17	100.04	100.12	99.99	99.99	76.17	2608064
2013-06-10	100.11	100.18	100.01	100.07	76.15	2894285
2013-06-03	100.12	100.20	100.10	100.16	76.12	2854301
2013-05-27	100.08	100.14	100.06	100.07	76.09	2920433
2013-05-20	100.12	100.21	100.02	100.12	76.05	2863595
2013-05-13	100.07	100.13	100.02	100.05	76.02	2984603
2013-05-06	100.03	100.07	100.01	100.02	75.99	2919340
2013-04-29	100.19	100.27	100.19	100.20	75.96	2413947
2013-04-22	100.04	100.09	99.96	100.09	75.93	1926605
2013-04-15	100.19	100.26	100.12	100.19	75.90	2609354
2013-04-08	100.12	100.18	100.06	100.13	75.87	2480714
2013-04-01	100.12	100.15	100.04	100.13	75.84	1824946
2013-03-25	100.20	100.21	100.11	100.15	75.82	2879562
2013-03-18	100.17	100.26	100.10	100.20	75.79	2802521
2013-03-11	100.11	100.20	100.06	100.07	75.76	2731138
2013-03-04	100.07	100.10	100.03	100.03	75.73	2231063
2013-02-25	100.01	100.10	99.98	99.98	75.69	2355269
2013-02-18	100.07	100.17	100.05	100.12	75.66	1662855
2013-02-11	100.13	100.19	100.08	100.13	75.64	1676519
2013-02-04	100.18	100.21	100.08	100.21	75.61	1876745
2013-01-28	100.02	100.05	99.96	100.03	75.58	1809258
2013-01-21	100.11	100.16	100.08	100.08	75.56	2777822
2013-01-14	100.10	100.19	100.00	100.12	75.53	1794891
2013-01-07	100.06	100.11	99.98	100.07	75.50	1673317
2012-12-31	100.15	100.19	100.12	100.15	75.47	2816408
2012-12-24	100.04	100.13	100.00	100.00	75.44	2811255
2012-12-17	100.12	100.15	100.09	100.10	75.40	2248184
2012-12-10	100.02	100.03	99.92	100.00	75.38	1586538
2012-12-03	100.06	100.14	100.03	100.05	75.35	2411318
2012-11-26	100.17	100.26	100.12	100.19	75.31	2945680
2012-11-19	100.13	100.22	100.08	100.15	75.28	1693363
2012-11-12	100.10	100.17	100.01	100.08	75.25	1680088
2012-11-05	100.07	100.08	100.01	100.06	75.22	2825340
2012-10-29	100.20	100.21	100.18	100.21	75.19	1693782
2012-10-22	100.05	100.11	100.01	100.07	75.15	2863436
2012-10-15	100.17	100.25	100.12	100.12	75.12	2840247
2012-10-08	100.05	100.12	100.02	100.10	75.09	2333087
2012-10-01	100.13	100.15	100.05	100.15	75.07	2243981
2012-09-24	100.11	100.13	100.11	100.13	75.04	2624792
2012-09-17	100.15	100.18	100.12	100.12	75.02	2340178
2012-09-10	100.14	100.21	100.13	100.13	74.98	2844746
2012-09-03	100.15	100.16	100.06	100.14	74.96	1749002
2012-08-27	100.18	100.25	100.11	100.18	74.94	2659106
2012-08-20	100.04	100.12	100.02	100.06	74.92	2026536
2012-08-13	100.01	100.02	99.94	100.00	74.89	2666538
2012-08-06	100.13	100.15	100.08	100.12	74.86	1598466
2012-07-30	100.13	100.15	100.09	100.13	74.83	1669631
2012-07-23	100.14	100.20	100.07	100.13	74.80	2985787
2012-07-16	100.13	100.18	100.11	100.16	74.77	2437124
2012-07-09	100.20	100.29	100.16	100.16	74.74	1561494
2012-07-02	100.10	100.13	100.01	100.12	74.71	1910630
2012-06-25	100.07	100.11	100.02	100.11	74.69	2136222
2012-06-18	100.03	100.11	99.99	100.01	74.66	2499350
2012-06-11	100.01	100.04	99.95	99.99	74.63	2999794
2012-06-04	100.03	100.12	99.94	100.01	74.61	2913521
2012-05-28	100.07	100.16	100.01	100.02	74.59	1945486
2012-05-21	100.12	100.17	100.08	100.08	74.56	2048440
2012-05-14	100.06	100.07	100.02	100.05	74.54	1784132
2012-05-07	100.19	100.29	100.17	100.17	74.51	2003995
2012-04-30	100.01	100.03	99.99	100.03	74.48	1713480
2012-04-23	100.05	100.09	99.96	100.01	74.45	2547382
2012-04-16	100.07	100.12	100.04	100.06	74.43	1738364
2012-04-09	100.04	100.12	100.01	100.06	74.40	1989492
2012-04-02	100.05	100.08	99.97	100.06	74.38	1602451
2012-03-26	100.19	100.22	100.18	100.19	74.34	1611202
2012-03-19	100.04	100.12	100.01	100.08	74.31	1750235
2012-03-12	100.09	100.13	100.03	100.11	74.29	2948343
2012-03-05	100.09	100.18	100.06	100.06	74.27	1710153
2012-02-27	100.07	100.16	100.05	100.09	74.25	2617864
2012-02-20	100.06	100.11	100.05	100.07	74.22	1878826
2012-02-13	100.10	100.15	100.07	100.07	74.19	2332219
2012-02-06	100.01	100.07	99.91	100.05	74.16	2381405
2012-01-30	100.11	100.13	100.03	100.10	74.13	2799399
2012-01-23	100.17	100.22	100.11	100.22	74.10	2878045
2012-01-16	100.16	100.26	100.13	100.17	74.08	2313694
2012-01-09	100.05	100.10	100.01	100.03	74.06	2547285
2012-01-02	100.13	100.19	100.10	100.11	74.04	2990480
2011-12-26	100.14	100.22	100.13	100.13	74.01	1647332
2011-12-19	100.15	100.19	100.06	100.19	73.98	1980276
2011-12-12	100.11	100.18	100.02	100.12	73.96	2036316
2011-12-05	100.07	100.16	100.00	100.07	73.93	2829239
2011-11-28	100.00	100.09	99.96	100.04	73.90	2519955
2011-11-21	100.00	100.09	99.94	100.05	73.86	2352942
2011-11-14	100.11	100.17	100.03	100.12	73.83	2800656
2011-11-07	100.12	100.17	100.09	100.16	73.80	2311096
2011-10-31	100.18	100.21	100.13	100.21	73.77	1794329
2011-10-24	100.12	100.16	100.06	100.10	73.74	1993157
2011-10-17	100.01	100.05	99.93	100.02	73.71	2351750
2011-10-10	100.20	100.28	100.11	100.16	73.68	1503045
2011-10-03	100.02	100.08	99.97	99.97	73.65	2500237
2011-09-26	100.05	100.09	99.96	100.09	73.63	2148677
2011-09-19	100.18	100.28	100.15	100.15	73.61	2471608
2011-09-12	100.02	100.03	99.93	100.03	73.58	2224565
2011-09-05	100.18	100.23	100.13	100.13	73.55	2685391
2011-08-29	100.12	100.14	100.11	100.14	73.53	2873729
2011-08-22	100.18	100.23	100.15	100.22	73.51	2547318
2011-08-15	100.19	100.29	100.17	100.21	73.47	1834665
2011-08-08	100.15	100.22	100.08	100.11	73.44	1674159
2011-08-01	100.07	100.16	99.98	100.10	73.42	2389593
2011-07-25	100.15	100.16	100.11	100.15	73.39	1953553
2011-07-18	100.06	100.09	100.01	100.03	73.36	1742118
2011-07-11	100.08	100.15	100.00	100.07	73.33	1807996
2011-07-04	100.02	100.06	99.92	99.97	73.31	1707668
2011-06-27	100.08	100.09	99.99	100.04	73.29	2651985
2011-06-20	100.19	100.20	100.18	100.20	73.27	1975750
2011-06-13	100.14	100.16	100.05	100.12	73.24	2670426
2011-06-06	100.13	100.14	100.09	100.09	73.21	1652850
2011-05-30	100.11	100.12	100.05	100.10	73.19	1922517
2011-05-23	100.01	100.08	99.92	99.97	73.16	2694916
2011-05-16	100.02	100.11	99.93	100.03	73.13	2627746
2011-05-09	100.12	100.14	100.06	100.11	73.10	2193751
2011-05-02	100.20	100.26	100.15	100.19	73.08	1543581
2011-04-25	100.01	100.02	99.93	100.00	73.06	2115809
2011-04-18	100.17	100.21	100.15	100.15	73.03	2208312
2011-04-11	100.18	100.27	100.14	100.20	73.00	2708251
2011-04-04	100.00	100.09	99.94	99.96	72.98	2309965
2011-03-28	100.03	100.07	99.97	100.00	72.95	2748095
2011-03-21	100.14	100.21	100.06	100.11	72.93	1999753
2011-03-14	100.12	100.22	100.03	100.15	72.90	1660426
2011-03-07	100.10	100.11	100.07	100.07	72.87	1631012
2011-02-28	100.04	100.08	99.99	100.05	72.85	2075888
2011-02-21	100.01	100.05	99.98	99.98	72.82	1657050
2011-02-14	100.13	100.19	100.07	100.10	72.79	2559952
2011-02-07	100.09	100.15	100.08	100.08	72.77	1995385
2011-01-31	100.12	100.18	100.08	100.14	72.74	1763601
2011-01-24	100.16	100.21	100.09	100.20	72.72	2216493
2011-01-17	100.13	100.18	100.05	100.16	72.69	2815555
2011-01-10	100.02	100.09	99.92	100.00	72.66	1610462
2011-01-03	100.14	100.16	100.04	100.16	72.63	2841729
2010-12-27	100.08	100.11	100.03	100.03	72.61	1543321
2010-12-20	100.15	100.23	100.09	100.12	72.58	1831604
2010-12-13	100.17	100.24	100.10	100.16	72.55	2792585
2010-12-06	100.08	100.13	100.00	100.08	72.53	2558961
2010-11-29	100.20	100.26	100.12	100.22	72.50	1743467
2010-11-22	100.05	100.08	100.04	100.06	72.47	2710144
2010-11-15	100.11	100.15	100.07	100.15	72.45	2259787
2010-11-08	100.14	100.17	100.06	100.15	72.42	1768024
2010-11-01	100.08	100.14	100.04	100.12	72.40	2353117
2010-10-25	100.15	100.18	100.07	100.15	72.37	1577784
2010-10-18	100.11	100.18	100.06	100.09	72.34	2873603
2010-10-11	100.12	100.13	100.03	100.08	72.31	2015233
2010-10-04	100.20	100.21	100.18	100.21	72.28	2665150
2010-09-27	100.15	100.19	100.14	100.19	72.26	2910646
2010-09-20	100.15	100.22	100.06	100.11	72.24	1650185
2010-09-13	100.14	100.22	100.08	100.12	72.21	2840217
2010-09-06	100.19	100.24	100.15	100.15	72.18	1988783
2010-08-30	100.07	100.17	100.05	100.10	72.16	2317442
2010-08-23	100.08	100.16	100.07	100.10	72.13	2153838
2010-08-16	100.04	100.06	100.03	100.06	72.10	2956127
2010-08-09	100.10	100.19	100.09	100.12	72.07	2773167
2010-08-02	100.12	100.14	100.02	100.11	72.04	1582961
2010-07-26	100.19	100.26	100.13	100.17	72.01	2127630
2010-07-19	100.03	100.09	99.99	99.99	71.99	2804782
2010-07-12	100.11	100.14	100.06	100.13	71.96	1837914
2010-07-05	100.09	100.12	100.08	100.08	71.94	2519607
2010-06-28	100.17	100.18	100.13	100.17	71.92	1704574
2010-06-21	100.14	100.18	100.13	100.18	71.89	2938949
2010-06-14	100.12	100.15	100.04	100.11	71.86	2728348
2010-06-07	100.13	100.16	100.07	100.15	71.84	2310067
2010-05-31	100.13	100.14	100.03	100.11	71.81	2893258
2010-05-24	100.05	100.13	100.01	100.01	71.78	2820514
2010-05-17	100.07	100.12	100.00	100.08	71.75	2348820
2010-05-10	100.16	100.19	100.08	100.14	71.72	2998988
2010-05-03	100.19	100.25	100.17	100.23	71.69	1960736
2010-04-26	100.13	100.21	100.07	100.13	71.66	1659528
2010-04-19	100.02	100.09	99.94	100.02	71.63	2122396
2010-04-12	100.15	100.23	100.06	100.12	71.61	1649468
2010-04-05	100.17	100.26	100.07	100.18	71.59	2934961
2010-03-29	100.17	100.23	100.07	100.19	71.57	1967641
2010-03-22	100.09	100.15	100.00	100.07	71.54	2666449
2010-03-15	100.17	100.22	100.11	100.22	71.52	2636305
2010-03-08	100.03	100.03	99.96	100.02	71.50	2376488
2010-03-01	100.03	100.12	100.03	100.05	71.47	2556964
2010-02-22	100.14	100.18	100.07	100.16	71.45	2789990
2010-02-15	100.11	100.13	100.07	100.13	71.42	1983905
2010-02-08	100.07	100.09	99.97	100.06	71.39	1774731
2010-02-01	100.12	100.21	100.03	100.13	71.36	2506912
2010-01-25	100.06	100.11	100.01	100.11	71.33	1981996
2010-01-18	100.19	100.25	100.14	100.15	71.31	2131729
2010-01-11	100.02	100.10	99.96	100.00	71.28	1775343
2010-01-04	100.11	100.19	100.11	100.15	71.26	2777962
2009-12-28	100.00	100.05	99.93	99.97	71.23	2790056
2009-12-21	100.16	100.21	100.13	100.20	71.20	2771375
2009-12-14	100.02	100.02	99.98	100.00	71.17	1600522
2009-12-07	100.06	100.11	99.98	100.11	71.14	2780286
2009-11-30	100.14	100.17	100.08	100.16	71.11	2288306
2009-11-23	100.01	100.05	99.96	99.97	71.09	2706232
2009-11-16	100.16	100.25	100.07	100.12	71.07	2186351
2009-11-09	100.11	100.17	100.10	100.13	71.04	2614324
2009-11-02	100.14	100.17	100.11	100.17	71.02	1607627
2009-10-26	100.15	100.22	100.08	100.11	71.00	1524517
2009-10-19	100.13	100.23	100.07	100.16	70.97	2583781
2009-10-12	100.04	100.09	99.96	100.08	70.94	2863006
2009-10-05	100.09	100.17	100.07	100.07	70.92	1618633
2009-09-28	100.07	100.11	100.03	100.03	70.89	2672980
2009-09-21	100.17	100.20	100.13	100.15	70.86	1820282
2009-09-14	100.15	100.19	100.10	100.17	70.84	1576804
2009-09-07	100.15	100.18	100.07	100.18	70.81	2740220
2009-08-31	100.08	100.12	99.98	100.12	70.78	1825159
2009-08-24	100.16	100.20	100.15	100.15	70.76	2513297
2009-08-17	100.02	100.04	99.93	100.04	70.73	1916828
2009-08-10	100.14	100.18	100.10	100.10	70.71	2761587
2009-08-03	100.20	100.28	100.14	100.20	70.68	2990695
2009-07-27	100.12	100.16	100.07	100.10	70.65	1845899
2009-07-20	100.19	100.28	100.18	100.21	70.63	1526340
2009-07-13	100.16	100.18	100.13	100.13	70.61	2671386
2009-07-06	100.05	100.07	99.97	100.02	70.58	1823097
2009-06-29	100.11	100.18	100.06	100.12	70.55	2141623
2009-06-22	100.19	100.27	100.14	100.17	70.52	2106427
2009-06-15	100.09	100.13	100.07	100.13	70.49	1726562
2009-06-08	100.04	100.13	99.94	99.99	70.46	2888758
2009-06-01	100.08	100.14	100.06	100.06	70.43	2574477
2009-05-25	100.04	100.10	99.96	100.03	70.40	2830619
2009-05-18	100.09	100.13	100.04	100.13	70.37	1568447
2009-05-11	100.19	100.23	100.09	100.22	70.34	2180580
2009-05-04	100.17	100.27	100.15	100.17	70.32	2669371
2009-04-27	100.07	100.16	99.98	100.10	70.29	2037709
2009-04-20	100.19	100.24	100.15	100.23	70.26	2567751
2009-04-13	100.00	100.05	99.96	100.00	70.24	2862720
2009-04-06	100.06	100.11	100.04	100.04	70.21	2832345
2009-03-30	100.13	100.13	100.12	100.13	70.19	2478298
2009-03-23	100.05	100.05	100.04	100.04	70.17	1828016
2009-03-16	100.11	100.15	100.06	100.06	70.14	1794946
2009-03-09	100.11	100.15	100.08	100.13	70.12	2049748
2009-03-02	100.08	100.16	100.03	100.04	70.09	2656656
2009-02-23	100.12	100.16	100.04	100.08	70.06	2030374
2009-02-16	100.02	100.11	99.96	100.00	70.04	1967864
2009-02-09	100.02	100.11	99.99	99.99	70.01	2434178
2009-02-02	100.11	100.14	100.10	100.14	69.98	1506043
2009-01-26	100.07	100.11	100.00	100.11	69.96	2782723
2009-01-19	100.10	100.16	100.02	100.14	69.94	1592006
2009-01-12	100.15	100.23	100.06	100.12	69.91	2481662
2009-01-05	100.06	100.11	99.98	100.10	69.88	2298990
2008-12-29	100.20	100.26	100.18	100.20	69.86	2496223
2008-12-22	100.07	100.13	100.04	100.11	69.84	2083775
2008-12-15	100.00	100.04	99.91	99.97	69.81	2548658
2008-12-08	100.13	100.15	100.08	100.12	69.79	2292930
2008-12-01	100.19	100.26	100.19	100.19	69.76	2927115
2008-11-24	100.11	100.12	100.03	100.08	69.73	1796896
2008-11-17	100.12	100.16	100.09	100.12	69.70	2718489
2008-11-10	100.12	100.14	100.09	100.09	69.67	2959827
2008-11-03	100.20	100.30	100.12	100.21	69.64	1928291
2008-10-27	100.03	100.10	99.97	99.99	69.62	2676907
2008-10-20	100.16	100.19	100.12	100.12	69.59	1800566
2008-10-13	100.09	100.10	100.06	100.10	69.56	1980309
2008-10-06	100.15	100.18	100.09	100.17	69.53	2317056
2008-09-29	100.01	100.09	99.96	99.96	69.50	2866175
2008-09-22	100.15	100.21	100.10	100.14	69.47	2195624
2008-09-15	100.19	100.20	100.13	100.19	69.45	2984898
2008-09-08	100.15	100.23	100.06	100.17	69.42	2297186
2008-09-01	100.13	100.19	100.09	100.09	69.40	2075111
2008-08-25	100.11	100.18	100.05	100.11	69.38	2883605
2008-08-18	100.15	100.18	100.10	100.18	69.35	2302846
2008-08-11	100.07	100.13	100.05	100.11	69.32	2909532
2008-08-04	100.06	100.07	99.98	100.03	69.29	1725842
2008-07-28	100.14	100.15	100.08	100.14	69.26	2968487
2008-07-21	100.08	100.17	100.05	100.05	69.24	2718608
2008-07-14	100.12	100.13	100.10	100.12	69.22	2268313
2008-07-07	100.13	100.20	100.12	100.16	69.20	2164715
2008-06-30	100.05	100.09	100.01	100.07	69.17	2390910
2008-06-23	100.16	100.25	100.13	100.13	69.14	2746317
2008-06-16	100.11	100.13	100.07	100.08	69.11	2039458
2008-06-09	100.19	100.23	100.13	100.23	69.08	2904285
2008-06-02	100.04	100.09	99.97	99.99	69.05	2574899
2008-05-26	100.08	100.10	100.02	100.04	69.03	1645306
2008-05-19	100.18	100.22	100.10	100.18	69.00	2042494
2008-05-12	100.05	100.11	99.97	100.07	68.97	2321012
2008-05-05	100.20	100.24	100.15	100.21	68.94	1546301
2008-04-28	100.19	100.22	100.11	100.22	68.91	2242396
2008-04-21	100.09	100.19	100.03	100.13	68.89	2878629
2008-04-14	100.05	100.09	100.00	100.04	68.87	2008309
2008-04-07	100.03	100.09	99.97	100.02	68.85	2502816
2008-03-31	100.11	100.12	100.01	100.07	68.82	1676417
2008-03-24	100.19	100.26	100.17	100.21	68.80	2412466
2008-03-17	100.15	100.16	100.11	100.16	68.78	2386948
2008-03-10	100.11	100.16	100.05	100.09	68.76	1748325
2008-03-03	100.00	100.03	99.98	100.01	68.73	2171333
2008-02-25	100.09	100.09	100.00	100.05	68.70	2689888
2008-02-18	100.06	100.10	100.02	100.09	68.67	2994221
2008-02-11	100.13	100.19	100.13	100.17	68.64	1618206
2008-02-04	100.15	100.23	100.05	100.16	68.61	2157580
2008-01-28	100.13	100.14	100.10	100.10	68.58	2111092
2008-01-21	100.12	100.17	100.06	100.17	68.55	2966184
2008-01-14	100.06	100.09	100.02	100.09	68.53	2113144
2008-01-07	100.16	100.25	100.12	100.16	68.51	2628323
2007-12-31	100.06	100.15	100.03	100.04	68.48	2789179
2007-12-24	100.02	100.05	99.93	100.04	68.46	2350876
2007-12-17	100.09	100.17	100.05	100.08	68.44	2663763
2007-12-10	100.09	100.10	100.08	100.08	68.41	2432088
2007-12-03	100.06	100.15	100.01	100.09	68.39	1994902
2007-11-26	100.19	100.28	100.11	100.17	68.37	2331285
2007-11-19	100.08	100.12	100.02	100.12	68.34	1565729
2007-11-12	100.03	100.04	99.97	99.99	68.31	2831666
2007-11-05	100.20	100.27	100.10	100.22	68.28	2694204
2007-10-29	100.19	100.23	100.12	100.20	68.26	2909979
2007-10-22	100.17	100.19	100.09	100.19	68.23	1588378
2007-10-15	100.08	100.18	100.01	100.10	68.21	2074062
2007-10-08	100.09	100.10	100.05	100.07	68.19	2956213
2007-10-01	100.03	100.09	99.98	99.98	68.17	2569064
2007-09-24	100.09	100.10	100.01	100.04	68.14	2246238
2007-09-17	100.14	100.15	100.06	100.12	68.11	2235668
2007-09-10	100.14	100.16	100.12	100.13	68.08	1660935
2007-09-03	100.04	100.09	100.02	100.03	68.05	2153214
2007-08-27	100.12	100.17	100.08	100.09	68.03	2991429
2007-08-20	100.07	100.08	100.02	100.05	68.00	1790656
2007-08-13	100.08	100.15	99.99	100.05	67.98	2426754
2007-08-06	100.03	100.12	99.97	100.00	67.95	2034731
2007-07-30	100.11	100.17	100.03	100.13	67.92	1872828
2007-07-23	100.04	100.13	100.02	100.06	67.90	1893726
2007-07-16	100.08	100.12	100.03	100.04	67.87	2369948
2007-07-09	100.02	100.10	99.94	99.97	67.84	1568475
2007-07-02	100.11	100.20	100.07	100.13	67.81	2034547
2007-06-25	100.03	100.05	99.99	100.00	67.78	2493008
2007-06-18	100.19	100.20	100.10	100.20	67.75	1926255
2007-06-11	100.06	100.14	100.02	100.02	67.72	2947592
2007-06-04	100.07	100.17	100.01	100.07	67.69	2477828
2007-05-28	100.13	100.21	100.09	100.13	67.66	2140617
2007-05-21	100.10	100.17	100.06	100.07	67.64	1846662
2007-05-14	100.13	100.21	100.08	100.14	67.61	2506319
2007-05-07	100.01	100.04	99.94	100.04	67.58	1646744
2007-04-30	100.06	100.09	100.04	100.07	67.55	2221599
2007-04-23	100.04	100.09	99.96	100.00	67.52	2353497
2007-04-16	100.13	100.23	100.09	100.09	67.49	1713660
2007-04-09	100.14	100.24	100.07	100.11	67.47	2193572
2007-04-02	100.05	100.14	100.04	100.04	67.45	2189556
2007-03-26	100.10	100.13	100.00	100.05	67.42	1538770
2007-03-19	100.10	100.13	100.05	100.06	67.40	2139982
2007-03-12	100.07	100.12	100.04	100.10	67.38	2844040
2007-03-05	100.16	100.23	100.09	100.14	67.36	2889061
2007-02-26	100.11	100.14	100.06	100.08	67.33	2262581
2007-02-19	100.01	100.02	99.96	99.98	67.31	2562349
2007-02-12	100.11	100.13	100.10	100.12	67.29	1746295
2007-02-05	100.05	100.09	100.03	100.03	67.27	1955851
2007-01-29	100.02	100.12	99.99	99.99	67.25	2630259
2007-01-22	100.06	100.08	100.03	100.03	67.23	2131010
2007-01-15	100.17	100.21	100.14	100.21	67.21	2558404
2007-01-08	100.05	100.10	100.01	100.01	67.19	1540562
2007-01-01	100.14	100.18	100.09	100.12	67.17	2629490
2006-12-25	100.16	100.17	100.08	100.17	67.15	1786411
2006-12-18	100.07	100.11	99.98	100.08	67.13	2467215
2006-12-11	100.01	100.07	99.91	99.98	67.10	2066528
2006-12-04	100.09	100.12	100.01	100.06	67.08	1616587
2006-11-27	100.16	100.19	100.09	100.18	67.05	2363349
2006-11-20	100.09	100.14	100.05	100.07	67.02	2282218
2006-11-13	100.19	100.24	100.12	100.24	67.00	2840055
2006-11-06	100.12	100.18	100.04	100.09	66.98	1977932
2006-10-30	100.12	100.18	100.05	100.16	66.96	2291657
2006-10-23	100.04	100.05	100.02	100.05	66.93	1516713
2006-10-16	100.04	100.09	99.97	100.02	66.91	2836479
2006-10-09	100.19	100.23	100.18	100.20	66.89	2463131
2006-10-02	100.16	100.21	100.12	100.20	66.86	2799009
2006-09-25	100.11	100.20	100.07	100.14	66.84	1929335
2006-09-18	100.05	100.05	100.01	100.04	66.81	2497744
2006-09-11	100.05	100.14	100.01	100.07	66.79	2988552
2006-09-04	100.13	100.17	100.09	100.09	66.77	2373198
2006-08-28	100.13	100.16	100.08	100.13	66.74	1523397
2006-08-21	100.01	100.04	99.96	100.04	66.72	1598198
2006-08-14	100.11	100.20	100.05	100.10	66.69	2558625
2006-08-07	100.15	100.21	100.06	100.13	66.66	1850233
2006-07-31	100.01	100.11	99.95	100.00	66.64	2742663
2006-07-24	100.12	100.20	100.04	100.12	66.61	1999166
2006-07-17	100.15	100.17	100.09	100.14	66.59	2631054
2006-07-10	100.13	100.23	100.09	100.09	66.57	2770389
2006-07-03	100.02	100.03	99.99	100.03	66.55	2152547
2006-06-26	100.04	100.14	99.98	100.04	66.52	2463349
2006-06-19	100.03	100.13	100.00	100.03	66.50	2032965
2006-06-12	100.14	100.18	100.07	100.16	66.48	1858938
2006-06-05	100.14	100.19	100.12	100.13	66.45	2272470
2006-05-29	100.04	100.11	100.03	100.04	66.42	2541794
2006-05-22	100.13	100.23	100.05	100.13	66.39	1789768
2006-05-15	100.04	100.10	100.03	100.08	66.37	2431484
2006-05-08	100.00	100.04	99.98	100.04	66.35	2137200
2006-05-01	100.09	100.18	100.05	100.09	66.33	2458092
2006-04-24	100.13	100.19	100.07	100.16	66.30	2642768
2006-04-17	100.14	100.22	100.05	100.13	66.28	2338221
2006-04-10	100.05	100.08	100.00	100.06	66.26	1999767
2006-04-03	100.01	100.03	99.91	100.00	66.24	2805545
2006-03-27	100.09	100.15	100.02	100.07	66.22	2625320
2006-03-20	100.09	100.10	100.02	100.04	66.19	2675175
2006-03-13	100.05	100.14	100.00	100.06	66.16	2386557
2006-03-06	100.10	100.15	100.08	100.08	66.14	1626320
2006-02-27	100.02	100.10	99.96	100.04	66.11	2304504
2006-02-20	100.17	100.24	100.11	100.19	66.09	2782263
2006-02-13	100.09	100.10	100.02	100.08	66.07	2168055
2006-02-06	100.11	100.17	100.05	100.15	66.04	1534516
2006-01-30	100.01	100.10	99.96	100.03	66.01	2847636
2006-01-23	100.17	100.22	100.12	100.15	65.99	2843227
2006-01-16	100.18	100.19	100.09	100.18	65.97	2809800
2006-01-09	100.15	100.25	100.14	100.15	65.94	2839736
2006-01-02	100.12	100.18	100.09	100.09	65.91	2335345
2005-12-26	100.03	100.09	99.96	99.99	65.88	2928822
2005-12-19	100.02	100.04	99.94	99.99	65.85	2315083
2005-12-12	100.12	100.19	100.10	100.10	65.83	1691787
2005-12-05	100.01	100.06	99.92	99.96	65.80	2668832
2005-11-28	100.15	100.19	100.15	100.15	65.78	1830421
2005-11-21	100.03	100.05	99.97	99.99	65.76	2908246
2005-11-14	100.11	100.15	100.11	100.12	65.73	2297556
2005-11-07	100.06	100.07	100.01	100.01	65.71	2784720
2005-10-31	100.02	100.06	99.96	100.06	65.69	1653075
2005-10-24	100.06	100.08	99.96	100.05	65.67	2847509
2005-10-17	100.09	100.14	100.00	100.10	65.64	1813704
2005-10-10	100.19	100.29	100.14	100.16	65.61	2191757
2005-10-03	100.08	100.14	100.00	100.07	65.58	2985156
2005-09-26	100.15	100.21	100.11	100.11	65.56	1589676
2005-09-19	100.12	100.13	100.04	100.08	65.54	2611661
2005-09-12	100.19	100.27	100.10	100.19	65.51	1693202
2005-09-05	100.07	100.14	100.06	100.08	65.49	1651253
2005-08-29	100.10	100.20	100.00	100.09	65.47	2251832
2005-08-22	100.06	100.10	99.97	100.05	65.45	2309930
2005-08-15	100.09	100.16	100.00	100.13	65.42	2810912
2005-08-08	100.04	100.10	100.02	100.07	65.40	2063949
2005-08-01	100.06	100.16	100.04	100.06	65.37	2262090
2005-07-25	100.02	100.10	99.97	99.97	65.34	2308096
2005-07-18	100.04	100.09	100.00	100.09	65.31	1929418
2005-07-11	100.08	100.15	99.99	100.12	65.29	2805441
2005-07-04	100.10	100.17	100.00	100.07	65.27	2420017
2005-06-27	100.15	100.18	100.09	100.12	65.24	2000819
2005-06-20	100.16	100.22	100.12	100.13	65.21	2854167
2005-06-13	100.12	100.18	100.09	100.09	65.18	1666850
2005-06-06	100.13	100.17	100.08	100.08	65.15	2459572
2005-05-30	100.13	100.23	100.11	100.12	65.12	2012361
2005-05-23	100.18	100.19	100.08	100.19	65.10	1809918
2005-05-16	100.19	100.25	100.14	100.23	65.08	2951828
2005-05-09	100.07	100.12	100.02	100.11	65.06	1662377
2005-05-02	100.18	100.26	100.15	100.19	65.03	2210887
